stereo pinhole calibration...

Left:
D = [-0.0018077652814228631, -0.0041888898715632065, -0.0003791898366201575, 0.00028481580840868505, 0.0]
K = [422.36165884427703, 0.0, 431.69948470375374, 0.0, 423.4919684579159, 236.2382568339708, 0.0, 0.0, 1.0]
R = [0.9999663288604324, -3.264612390422767e-05, 0.00820610014685573, 1.575599730860158e-05, 0.9999978815812016, 0.00205829659126468, -0.008206149958304468, -0.0020580979907810558, 0.9999642110273358]
P = [425.1347911578928, 0.0, 425.05977630615234, 0.0, 0.0, 425.1347911578928, 235.334321975708, 0.0, 0.0, 0.0, 1.0, 0.0]

Right:
D = [-0.00211359846681029, -0.003260817076413411, 0.00017056848135933286, -0.0010095779105752036, 0.0]
K = [421.74319144448054, 0.0, 431.2310425173176, 0.0, 423.20258520714617, 234.7542816068171, 0.0, 0.0, 1.0]
R = [0.9999808289809102, -3.466890308917231e-05, 0.006191968081205534, 4.7413289947535174e-05, 0.9999978810318577, -0.0020580776891043736, -0.006191883609326478, 0.0020583318152356876, 0.9999787116971576]
P = [425.1347911578928, 0.0, 425.05977630615234, -21.396469246749835, 0.0, 425.1347911578928, 235.334321975708, 0.0, 0.0, 0.0, 1.0, 0.0]
self.T = [-0.050327706646532896, 1.7448398347849972e-06, -0.0003116335274871766]
self.R = [0.9999979707593188, 2.7511194677225835e-05, 0.0020143784100056707, -3.5802751365570396e-05, 0.9999915275007801, 0.004116265882989558, -0.0020142480997941137, -0.004116329650384744, 0.9999894992622682]
None
# oST version 5.0 parameters


[image]

width
848

height
480

[narrow_stereo/left]

camera matrix
422.361659 0.000000 431.699485
0.000000 423.491968 236.238257
0.000000 0.000000 1.000000

distortion
-0.001808 -0.004189 -0.000379 0.000285 0.000000

rectification
0.999966 -0.000033 0.008206
0.000016 0.999998 0.002058
-0.008206 -0.002058 0.999964

projection
425.134791 0.000000 425.059776 0.000000
0.000000 425.134791 235.334322 0.000000
0.000000 0.000000 1.000000 0.000000
# oST version 5.0 parameters


[image]

width
848

height
480

[narrow_stereo/right]

camera matrix
421.743191 0.000000 431.231043
0.000000 423.202585 234.754282
0.000000 0.000000 1.000000

distortion
-0.002114 -0.003261 0.000171 -0.001010 0.000000

rectification
0.999981 -0.000035 0.006192
0.000047 0.999998 -0.002058
-0.006192 0.002058 0.999979

projection
425.134791 0.000000 425.059776 -21.396469
0.000000 425.134791 235.334322 0.000000
0.000000 0.000000 1.000000 0.000000
